20.000000 0.749
20.144928 0.693
20.290907 0.648
20.437943 0.615
20.586044 0.594
20.735220 0.585
20.885475 0.582
21.036821 0.582
21.189262 0.582
21.342808 0.578
21.497467 0.571
21.653246 0.561
21.810154 0.551
21.968201 0.544
22.127390 0.539
22.287735 0.537
22.449242 0.537
22.611917 0.537
22.775772 0.537
22.940815 0.535
23.107054 0.533
23.274498 0.535
23.443153 0.542
23.613033 0.558
23.784142 0.585
23.956491 0.625
24.130091 0.677
24.304947 0.743
24.481071 0.822
24.658470 0.914
24.837156 1.014
25.017136 1.120
25.198421 1.225
25.381020 1.322
25.564941 1.406
25.750195 1.472
25.936790 1.518
26.124741 1.545
26.314051 1.557
26.504732 1.559
26.696796 1.554
26.890253 1.548
27.085112 1.545
27.281382 1.545
27.479073 1.551
27.678198 1.560
27.878765 1.569
28.080786 1.575
28.284271 1.571
28.489231 1.551
28.695675 1.514
28.903616 1.459
29.113064 1.389
29.324028 1.306
29.536524 1.217
29.750557 1.122
29.966141 1.025
30.183289 0.926
30.402010 0.826
30.622314 0.724
30.844217 0.623
31.067726 0.525
31.292856 0.431
31.519617 0.344
31.748020 0.264
31.978081 0.190
32.209808 0.122
32.443211 0.060
32.678310 0.005
32.915108 -0.039
33.153625 -0.067
33.393871 -0.076
33.635857 -0.064
33.879597 -0.030
34.125103 0.024
34.372387 0.092
34.621464 0.169
34.872345 0.249
35.125042 0.325
35.379574 0.393
35.635948 0.448
35.894180 0.487
36.154285 0.510
36.416275 0.518
36.680161 0.514
36.945961 0.504
37.213688 0.491
37.483353 0.479
37.754974 0.470
38.028561 0.465
38.304131 0.467
38.581699 0.477
38.861279 0.496
39.142883 0.526
39.426529 0.568
39.712231 0.620
40.000000 0.681
40.289856 0.747
40.581814 0.815
40.875885 0.879
41.172089 0.934
41.470440 0.973
41.770950 0.992
42.073643 0.990
42.378525 0.969
42.685616 0.934
42.994934 0.894
43.306492 0.857
43.620308 0.829
43.936401 0.811
44.254780 0.804
44.575470 0.802
44.898483 0.802
45.223835 0.799
45.551544 0.792
45.881630 0.781
46.214108 0.764
46.548996 0.745
46.886307 0.723
47.226067 0.701
47.568283 0.680
47.912983 0.663
48.260181 0.652
48.609894 0.649
48.962143 0.654
49.316940 0.669
49.674313 0.693
50.034271 0.723
50.396843 0.756
50.762039 0.790
51.129883 0.822
51.500389 0.849
51.873581 0.868
52.249481 0.876
52.628101 0.870
53.009464 0.847
53.393593 0.808
53.780506 0.756
54.170223 0.696
54.562763 0.634
54.958145 0.575
55.356396 0.525
55.757530 0.489
56.161572 0.469
56.568542 0.465
56.978462 0.476
57.391350 0.498
57.807232 0.528
58.226128 0.563
58.648056 0.599
59.073048 0.633
59.501114 0.662
59.932281 0.683
60.366577 0.696
60.804020 0.702
61.244629 0.703
61.688435 0.701
62.135452 0.698
62.585712 0.696
63.039234 0.695
63.496040 0.695
63.956161 0.693
64.419617 0.688
64.886421 0.681
65.356621 0.672
65.830215 0.663
66.307251 0.656
66.787743 0.653
67.271713 0.652
67.759193 0.653
68.250206 0.654
68.744774 0.655
69.242928 0.656
69.744690 0.656
70.250084 0.655
70.759148 0.655
71.271896 0.656
71.788361 0.656
72.308571 0.656
72.832550 0.655
73.360321 0.652
73.891922 0.647
74.427376 0.638
74.966705 0.626
75.509949 0.610
76.057121 0.590
76.608261 0.565
77.163399 0.535
77.722557 0.501
78.285767 0.465
78.853058 0.427
79.424461 0.391
80.000000 0.359
80.579712 0.331
81.163628 0.310
81.751770 0.297
82.344177 0.290
82.940880 0.291
83.541901 0.297
84.147285 0.307
84.757050 0.317
85.371231 0.326
85.989868 0.330
86.612984 0.329
87.240616 0.322
87.872803 0.313
88.509560 0.302
89.150940 0.291
89.796967 0.283
90.447670 0.278
91.103088 0.275
91.763260 0.275
92.428215 0.275
93.097992 0.274
93.772614 0.273
94.452133 0.271
95.136566 0.268
95.825966 0.265
96.520363 0.262
97.219788 0.258
97.924286 0.252
98.633881 0.245
99.348625 0.236
100.068542 0.227
100.793686 0.219
101.524078 0.212
102.259766 0.208
103.000778 0.206
103.747162 0.207
104.498962 0.209
105.256203 0.212
106.018929 0.217
106.787186 0.222
107.561012 0.227
108.340446 0.232
109.125526 0.235
109.916290 0.238
110.712791 0.241
111.515060 0.244
112.323143 0.247
113.137085 0.251
113.956924 0.255
114.782700 0.259
115.614464 0.264
116.452255 0.269
117.296112 0.275
118.146095 0.283
119.002228 0.294
119.864563 0.308
120.733154 0.325
121.608040 0.346
122.489258 0.367
123.376869 0.388
124.270905 0.407
125.171425 0.421
126.078468 0.429
126.992081 0.431
127.912323 0.427
128.839233 0.419
129.772842 0.407
130.713242 0.394
131.660431 0.381
132.614502 0.370
133.575485 0.360
134.543427 0.354
135.518387 0.349
136.500412 0.346
137.489548 0.344
138.485855 0.342
139.489380 0.338
140.500168 0.333
141.518295 0.327
142.543793 0.320
143.576721 0.314
144.617142 0.310
145.665100 0.308
146.720642 0.309
147.783844 0.313
148.854752 0.320
149.933411 0.329
151.019897 0.338
152.114243 0.346
153.216522 0.352
154.326797 0.357
155.445114 0.361
156.571533 0.364
157.706116 0.368
158.848923 0.373
160.000000 0.380
161.159424 0.389
162.327255 0.399
163.503540 0.410
164.688354 0.421
165.881760 0.429
167.083801 0.435
168.294571 0.437
169.514099 0.436
170.742462 0.433
171.979736 0.428
173.225967 0.423
174.481232 0.419
175.745605 0.415
177.019119 0.412
178.301880 0.408
179.593933 0.403
180.895340 0.396
182.206177 0.387
183.526520 0.374
184.856430 0.359
186.195984 0.342
187.545227 0.325
188.904266 0.307
190.273132 0.292
191.651932 0.281
193.040726 0.272
194.439575 0.267
195.848572 0.265
197.267761 0.264
198.697250 0.265
200.137085 0.266
201.587372 0.267
203.048157 0.269
204.519531 0.272
206.001556 0.276
207.494324 0.281
208.997925 0.287
210.512405 0.294
212.037857 0.301
213.574371 0.308
215.122025 0.315
216.680893 0.323
218.251053 0.332
219.832581 0.342
221.425583 0.355
223.030121 0.370
224.646286 0.387
226.274170 0.405
227.913849 0.424
229.565399 0.441
231.228928 0.457
232.904510 0.471
234.592224 0.484
236.292191 0.495
238.004456 0.506
239.729126 0.515
241.466309 0.523
243.216080 0.529
244.978516 0.533
246.753738 0.535
248.541809 0.534
250.342850 0.531
252.156937 0.528
253.984161 0.525
255.824646 0.522
257.678467 0.520
259.545685 0.519
261.426483 0.519
263.320862 0.521
265.229004 0.524
267.150970 0.530
269.086853 0.537
271.036774 0.545
273.000824 0.553
274.979095 0.562
276.971710 0.569
278.978760 0.575
281.000336 0.580
283.036591 0.584
285.087585 0.586
287.153442 0.588
289.234283 0.587
291.330200 0.585
293.441284 0.580
295.567688 0.571
297.709503 0.560
299.866821 0.547
302.039795 0.533
304.228485 0.518
306.433044 0.503
308.653595 0.489
310.890228 0.477
313.143066 0.467
315.412231 0.458
317.697845 0.452
320.000000 0.446
322.318848 0.442
324.654510 0.438
327.007080 0.433
329.376709 0.428
331.763519 0.421
334.167603 0.413
336.589142 0.403
339.028198 0.392
341.484924 0.381
343.959473 0.370
346.451935 0.361
348.962463 0.352
351.491211 0.346
354.038239 0.341
356.603760 0.340
359.187866 0.341
361.790680 0.345
364.412354 0.352
367.053040 0.361
369.712860 0.372
372.391968 0.383
375.090454 0.394
377.808533 0.404
380.546265 0.412
383.303864 0.418
386.081451 0.422
388.879150 0.423
391.697144 0.421
394.535522 0.415
397.394501 0.405
400.274170 0.392
403.174744 0.378
406.096313 0.362
409.039062 0.346
412.003113 0.330
414.988647 0.314
417.995850 0.299
421.024811 0.285
424.075714 0.271
427.148743 0.259
430.244049 0.249
433.361786 0.243
436.502106 0.242
439.665161 0.246
442.851166 0.254
446.060242 0.266
449.292572 0.280
452.548340 0.295
455.827698 0.310
459.130798 0.324
462.457855 0.338
465.809021 0.351
469.184448 0.363
472.584381 0.375
476.008911 0.385
479.458252 0.393
482.932617 0.399
486.432159 0.403
489.957031 0.404
493.507477 0.402
497.083618 0.397
500.685699 0.390
504.313873 0.382
507.968323 0.374
511.649292 0.367
515.356934 0.362
519.091370 0.360
522.852966 0.360
526.641724 0.362
530.458008 0.365
534.301941 0.369
538.173706 0.371
542.073547 0.370
546.001648 0.366
549.958191 0.358
553.943420 0.347
557.957520 0.332
562.000671 0.317
566.073181 0.300
570.175171 0.283
574.306885 0.265
578.468567 0.248
582.660400 0.232
586.882568 0.216
591.135376 0.200
595.419006 0.182
599.733643 0.162
604.079590 0.137
608.456970 0.107
612.866089 0.073
617.307190 0.034
621.780457 -0.008
626.286133 -0.050
630.824463 -0.090
635.395691 -0.125
640.000000 -0.151
644.637695 -0.166
649.309021 -0.170
654.014160 -0.164
658.753418 -0.152
663.527039 -0.137
668.335205 -0.123
673.178284 -0.112
678.056396 -0.103
682.969849 -0.093
687.918945 -0.081
692.903870 -0.064
697.924927 -0.044
702.982422 -0.023
708.076477 -0.002
713.207520 0.017
718.375732 0.032
723.581360 0.041
728.824707 0.045
734.106079 0.045
739.425720 0.041
744.783936 0.033
750.180908 0.020
755.617065 0.004
761.092529 -0.015
766.607727 -0.035
772.162903 -0.056
777.758301 -0.076
783.394287 -0.093
789.071045 -0.106
794.789001 -0.115
800.548340 -0.118
806.349487 -0.115
812.192627 -0.105
818.078125 -0.091
824.006226 -0.072
829.977295 -0.052
835.991699 -0.033
842.049622 -0.015
848.151428 -0.001
854.297485 0.012
860.488098 0.026
866.723572 0.041
873.004211 0.061
879.330322 0.085
885.702332 0.113
892.120483 0.145
898.585144 0.179
905.096680 0.212
911.655396 0.241
918.261597 0.262
924.915710 0.273
931.618042 0.273
938.368896 0.259
945.168762 0.231
952.017822 0.192
958.916504 0.142
965.865234 0.086
972.864319 0.026
979.914062 -0.031
987.014954 -0.082
994.167236 -0.124
1001.371399 -0.155
1008.627747 -0.175
1015.936646 -0.186
1023.298584 -0.190
1030.713867 -0.192
1038.182739 -0.197
1045.705933 -0.205
1053.283447 -0.219
1060.916016 -0.238
1068.603882 -0.259
1076.347412 -0.281
1084.147095 -0.301
1092.003296 -0.317
1099.916382 -0.329
1107.886841 -0.337
1115.915039 -0.342
1124.001343 -0.345
1132.146362 -0.350
1140.350342 -0.356
1148.613770 -0.366
1156.937134 -0.380
1165.320801 -0.398
1173.765137 -0.418
1182.270752 -0.439
1190.838013 -0.460
1199.467285 -0.478
1208.159180 -0.492
1216.913940 -0.500
1225.732178 -0.501
1234.614380 -0.496
1243.560913 -0.485
1252.572266 -0.468
1261.648926 -0.447
1270.791382 -0.425
1280.000000 -0.400
1289.275391 -0.374
1298.618042 -0.344
1308.028320 -0.308
1317.506836 -0.262
1327.054077 -0.204
1336.670410 -0.137
1346.356567 -0.061
1356.112793 0.018
1365.939697 0.097
1375.837891 0.170
1385.807739 0.234
1395.849854 0.287
1405.964844 0.327
1416.152954 0.356
1426.415039 0.375
1436.751465 0.387
1447.162720 0.396
1457.649414 0.404
1468.212158 0.412
1478.851440 0.423
1489.567871 0.438
1500.361816 0.455
1511.234131 0.476
1522.185059 0.501
1533.215454 0.531
1544.325806 0.566
1555.516602 0.606
1566.788574 0.650
1578.142090 0.697
1589.578003 0.742
1601.096680 0.781
1612.698975 0.809
1624.385254 0.825
1636.156250 0.827
1648.012451 0.815
1659.954590 0.792
1671.983398 0.760
1684.099243 0.722
1696.302856 0.681
1708.594971 0.638
1720.976196 0.594
1733.447144 0.549
1746.008423 0.504
1758.660645 0.460
1771.404663 0.418
1784.240967 0.382
1797.170288 0.352
1810.193359 0.329
1823.310791 0.314
1836.523193 0.304
1849.831421 0.299
1863.236084 0.296
1876.737793 0.293
1890.337524 0.289
1904.035645 0.283
1917.833008 0.273
1931.730469 0.260
1945.728638 0.244
1959.828125 0.228
1974.029907 0.211
1988.334473 0.192
2002.742798 0.173
2017.255493 0.153
2031.873291 0.131
2046.597168 0.109
2061.427734 0.088
2076.365479 0.067
2091.411865 0.048
2106.566895 0.031
2121.832031 0.014
2137.207764 -0.002
2152.694824 -0.017
2168.294189 -0.031
2184.006592 -0.041
2199.832764 -0.048
2215.773682 -0.051
2231.830078 -0.048
2248.002686 -0.039
2264.292725 -0.024
2280.700684 -0.003
2297.227539 0.022
2313.874268 0.051
2330.641602 0.081
2347.530273 0.112
2364.541504 0.140
2381.676025 0.167
2398.934570 0.190
2416.318359 0.209
2433.827881 0.223
2451.464355 0.233
2469.228760 0.238
2487.121826 0.239
2505.144531 0.234
2523.297852 0.224
2541.582764 0.210
2560.000000 0.192
2578.550781 0.171
2597.236084 0.145
2616.056641 0.117
2635.013672 0.085
2654.108154 0.053
2673.340820 0.022
2692.713135 -0.005
2712.225586 -0.025
2731.879395 -0.036
2751.675781 -0.036
2771.615479 -0.026
2791.699707 -0.007
2811.929688 0.020
2832.305908 0.053
2852.830078 0.091
2873.502930 0.132
2894.325439 0.174
2915.298828 0.215
2936.424316 0.255
2957.702881 0.291
2979.135742 0.322
3000.723633 0.349
3022.468262 0.371
3044.370117 0.389
3066.430908 0.404
3088.651611 0.417
3111.033203 0.430
3133.577148 0.442
3156.284180 0.454
3179.156006 0.466
3202.193359 0.480
3225.397949 0.493
3248.770508 0.507
3272.312500 0.521
3296.024902 0.532
3319.909180 0.541
3343.966797 0.546
3368.198486 0.548
3392.605713 0.547
3417.189941 0.544
3441.952393 0.539
3466.894287 0.532
3492.016846 0.526
3517.321289 0.521
3542.809326 0.519
3568.481934 0.521
3594.340576 0.529
3620.386719 0.541
3646.621582 0.557
3673.046387 0.576
3699.662842 0.597
3726.472168 0.615
3753.475586 0.631
3780.675049 0.640
3808.071289 0.642
3835.666016 0.635
3863.460938 0.619
3891.457275 0.595
3919.656250 0.565
3948.059814 0.530
3976.668945 0.493
4005.485596 0.455
4034.510986 0.420
4063.746582 0.389
4093.194336 0.363
4122.855469 0.345
4152.730957 0.335
4182.823730 0.336
4213.133789 0.348
4243.664062 0.372
4274.415527 0.409
4305.389648 0.459
4336.588379 0.521
4368.013184 0.594
4399.665527 0.675
4431.547363 0.761
4463.660156 0.848
4496.005371 0.931
4528.585449 1.010
4561.401367 1.080
4594.455078 1.140
4627.748535 1.191
4661.283203 1.233
4695.060547 1.266
4729.083008 1.292
4763.352051 1.310
4797.869141 1.319
4832.636719 1.319
4867.655762 1.310
4902.928711 1.292
4938.457520 1.266
4974.243652 1.233
5010.289062 1.196
5046.595703 1.157
5083.165527 1.117
5120.000000 1.081
5157.101562 1.051
5194.472168 1.028
5232.113281 1.016
5270.027344 1.013
5308.216309 1.021
5346.681641 1.039
5385.426270 1.064
5424.451172 1.096
5463.758789 1.131
5503.351562 1.168
5543.230957 1.205
5583.399414 1.241
5623.859375 1.275
5664.611816 1.309
5705.660156 1.341
5747.005859 1.374
5788.650879 1.408
5830.597656 1.442
5872.848633 1.478
5915.405762 1.515
5958.271484 1.553
6001.447266 1.590
6044.936523 1.626
6088.740234 1.658
6132.861816 1.685
6177.303223 1.704
6222.066406 1.714
6267.154297 1.715
6312.568359 1.706
6358.312012 1.688
6404.386719 1.663
6450.795898 1.633
6497.541016 1.598
6544.625000 1.560
6592.049805 1.521
6639.818359 1.483
6687.933594 1.446
6736.396973 1.414
6785.211426 1.387
6834.379883 1.369
6883.904785 1.359
6933.788574 1.359
6984.033691 1.369
7034.642578 1.386
7085.618652 1.410
7136.963867 1.438
7188.681152 1.468
7240.773438 1.498
7293.243164 1.525
7346.092773 1.549
7399.325684 1.566
7452.944336 1.577
7506.951172 1.581
7561.350098 1.580
7616.142578 1.573
7671.332031 1.563
7726.921875 1.550
7782.914551 1.538
7839.312500 1.527
7896.119629 1.519
7953.337891 1.515
8010.971191 1.516
8069.021973 1.524
8127.493164 1.536
8186.388672 1.552
8245.710938 1.571
8305.461914 1.591
8365.647461 1.611
8426.267578 1.630
8487.328125 1.648
8548.831055 1.666
8610.779297 1.684
8673.176758 1.703
8736.026367 1.724
8799.331055 1.746
8863.094727 1.769
8927.320312 1.795
8992.010742 1.822
9057.170898 1.850
9122.802734 1.878
9188.910156 1.907
9255.497070 1.935
9322.566406 1.961
9390.121094 1.985
9458.166016 2.007
9526.704102 2.027
9595.738281 2.046
9665.273438 2.067
9735.311523 2.089
9805.857422 2.114
9876.915039 2.143
9948.487305 2.176
10020.578125 2.213
10093.191406 2.255
10166.331055 2.302
10240.000000 2.353
10314.203125 2.409
10388.944336 2.467
10464.226562 2.525
10540.054688 2.582
10616.432617 2.635
10693.363281 2.683
10770.852539 2.723
10848.902344 2.756
10927.517578 2.781
11006.703125 2.801
11086.461914 2.815
11166.798828 2.827
11247.718750 2.836
11329.223633 2.845
11411.320312 2.854
11494.011719 2.861
11577.301758 2.869
11661.195312 2.875
11745.697266 2.880
11830.811523 2.885
11916.542969 2.889
12002.894531 2.892
12089.873047 2.895
12177.480469 2.896
12265.723633 2.897
12354.606445 2.895
12444.132812 2.893
12534.308594 2.889
12625.136719 2.887
12716.624023 2.887
12808.773438 2.891
12901.591797 2.900
12995.082031 2.914
13089.250000 2.931
13184.099609 2.951
13279.636719 2.973
13375.867188 2.996
13472.793945 3.019
13570.422852 3.042
13668.759766 3.067
13767.809570 3.093
13867.577148 3.121
13968.067383 3.150
14069.285156 3.181
14171.237305 3.214
14273.927734 3.248
14377.362305 3.282
14481.546875 3.316
14586.486328 3.350
14692.185547 3.384
14798.651367 3.418
14905.888672 3.453
15013.902344 3.491
15122.700195 3.531
15232.285156 3.573
15342.664062 3.617
15453.843750 3.662
15565.829102 3.709
15678.625000 3.757
15792.239258 3.805
15906.675781 3.853
16021.942383 3.900
16138.043945 3.946
16254.986328 3.989
16372.777344 4.030
16491.421875 4.069
16610.923828 4.104
16731.294922 4.135
16852.535156 4.163
16974.656250 4.189
17097.662109 4.211
17221.558594 4.232
17346.353516 4.253
17472.052734 4.273
17598.662109 4.296
17726.189453 4.320
17854.640625 4.347
17984.021484 4.375
18114.341797 4.406
18245.605469 4.438
18377.820312 4.471
18510.994141 4.506
18645.132812 4.544
18780.242188 4.583
18916.332031 4.624
19053.408203 4.667
19191.476562 4.712
19330.546875 4.756
19470.623047 4.801
19611.714844 4.845
19753.830078 4.887
19896.974609 4.928

